100
1000
10000
10001
100033432
10005
10007
10009
1001
100113407
100128295
100128788
100129407
100129583
10013
100130717
100131187
100132399
100132476
100133941
10015
10018
10019
10020
10021
10022
10024
10025
100271927
100272147
100287932
100288483
100289462
1003
100329135
10042
10043
10044
10045
10046
10048
10049
100499483
100506658
100507246
10051
10052
100526835
100528020
100529141
10053
100533178
10054
10055
10056
10057
10060
10061
10063
10066
10068
1007
10075
10076
10079
10085
10089
1009
10090
10092
10096
10097
10099
101
1010
10101
10102
10105
10106
10109
10112
10113
10114
10116
10120
10121
10123
10125
10126
10129
10131
10133
10134
10135
10137
10138
10139
10140
10142
10144
10146
10147
10148
10149
10150
10151
10152
10154
10155
10159
10160
10163
10164
10165
10166
1017
10171
10180
10181
10184
10186
10188
1019
10193
10195
10196
10197
10198
10199
102
1020
10203
10204
10206
10208
10209
1021
10210
10211
10212
10217
10218
10220
10221
10224
10225
10226
10227
10234
10236
10238
10239
1024
10247
1025
10250
10251
10252
10253
10254
10257
1026
10262
10263
10269
1027
10272
10273
10274
10276
10277
10278
10279
1028
10280
10282
10283
10284
10285
10286
10287
1029
10291
10293
10294
10295
10296
10298
10299
103
10302
10308
10309
1031
10313
10314
1032
10320
10322
10327
10328
10329
1033
10331
10344
10345
10346
10347
10351
1036
10360
10363
10365
10368
10370
10376
10379
1038
10381
10382
10383
10384
10390
10391
103910
10393
10394
10395
10396
10397
10399
104
1040
10400
10401
10402
10403
10409
10410
10411
10417
10419
10420
10421
10423
10424
10426
10427
10438
10440
10443
10445
10446
10447
10449
10450
10451
10452
10455
10456
10457
10458
10459
10460
10461
10471
10472
10473
10474
10475
10477
10479
1048
10480
10483
10484
10485
10487
10489
10490
10491
10492
10493
1050
10507
1051
10513
10514
10516
10518
10519
10521
10522
10523
10525
10526
10527
10528
10529
1053
10531
10534
10535
10536
10537
10538
1054
10540
10541
10542
10548
10549
10550
10551
10552
10553
10554
10555
10556
10558
10559
10560
10561
10562
10563
10564
10565
10567
10568
10569
10574
10575
10576
10579
1058
10580
10584
10587
10588
10589
1059
10592
10594
10597
10598
10599
10600
10602
10605
10607
10608
10609
10611
10612
10613
10614
10615
10616
10617
10618
1062
10620
10622
10625
10626
10628
10629
1063
10632
10633
10635
10640
10641
10642
10643
10644
10645
10647
10652
10655
10656
10657
10658
10659
1066
10664
10666
10670
10672
10673
10675
10677
10678
10681
10682
10687
1069
10690
10693
10694
10695
107
10712
10713
10714
10715
1072
10721
10723
10724
10725
10726
10728
1073
10730
10732
10733
10735
10741
10743
10745
10746
10749
10752
10753
10762
10763
10765
10766
10767
10768
10771
10773
10775
10776
10777
10783
10785
10786
10787
10791
10793
10794
10797
1080
10800
10801
10802
10803
10804
10806
10808
1081
10813
10818
10826
10827
10838
1084
10841
10842
10844
10847
10848
10849
10856
10857
10867
10868
10869
10870
10874
10875
1088
10881
10885
10891
10892
10894
10898
109
10902
10904
10905
10906
10907
10908
10911
10914
10915
10916
10917
10919
10921
10922
10924
10927
10928
10933
10935
10938
10939
10940
10941
10942
10943
10945
10946
10947
10949
10950
10951
10952
10953
10954
10957
10959
10961
10962
10963
10964
10965
10966
10969
10970
10971
10972
10973
10979
10981
10982
10983
10985
10987
10988
10989
10990
10992
10994
10999
11001
11004
11005
11009
11011
11014
11016
11017
11018
11019
1102
11021
11022
11024
11030
11031
11034
1104
11040
11044
11046
11047
1105
11051
11052
11054
11056
11057
1106
11060
11062
11064
11065
11066
11067
11068
11069
1107
11070
11072
11073
11076
11078
11079
1108
11080
11081
11083
11086
11091
11097
11098
11100
11101
11102
11104
11108
1111
11112
11113
11116
11119
1112
11122
11124
11126
11128
11130
11131
11135
11136
11137
11138
11140
11142
11143
11147
11149
11151
11152
11153
11154
11156
11160
11164
11165
11167
11168
11169
1117
11171
11176
11177
11180
11181
11182
11186
11188
11190
11193
11196
11197
11198
112
1121
11211
11212
11213
11214
11215
11216
11217
11219
1122
11222
11224
11227
11228
1123
11231
11234
11235
11236
11237
11238
112399
11243
11244
112464
11247
112479
112483
11249
112495
11252
11254
112574
11258
11259
11260
112609
112616
11266
112703
11272
112724
11273
11274
11276
112770
11278
1128
112802
11281
11282
11284
112885
1129
112937
112939
112942
112950
113
1130
113026
113091
1131
11311
113115
11313
113130
11314
113146
11315
11316
113189
11320
113201
11321
11322
113235
11325
113251
113263
113277
113278
11328
11329
11331
11332
11333
11334
11335
11336
11338
11339
11340
113402
113419
11343
11344
113444
113452
113540
113612
113730
1138
113829
113878
1139
114034
114038
114042
114049
114088
114134
114294
1143
114327
114548
114609
1147
114757
114781
114783
114785
114786
114792
114793
114795
114798
114801
114803
114804
114822
114823
114825
114826
114876
114880
114882
114883
114884
114897
114898
114899
1149
114904
114971
114990
114991
115
115024
115098
115111
115123
1152
115201
115207
115209
115290
115294
1153
1154
115416
115426
1155
115509
115548
115703
115708
115749
115752
115817
115827
115908
115948
116064
116068
116071
1161
116113
116138
116150
116179
116224
116225
116254
1163
116362
116461
116496
116511
116540
116832
116843
116844
116931
116966
116969
116983
116984
116985
116987
116988
117153
117157
117166
117177
117178
117195
117247
117285
1173
117584
117854
118
1181
1182
1184
118424
118426
118429
118471
118472
118490
118491
1185
1186
118788
118813
118932
118980
118987
119
119180
1192
119392
119395
1195
119548
12
120
1200
120114
120224
120534
1207
120892
1209
120935
1211
121227
121260
121274
1213
121340
121441
121457
121504
121536
122011
122060
122481
122525
122616
122618
122622
122769
122773
122786
122809
122830
122876
122970
1230
123016
123036
123207
123263
123283
123355
1235
1236
123606
123775
123803
123811
123876
123879
123920
124152
124220
124222
124245
124401
124454
124512
124540
124565
124583
124626
124641
124773
124801
124808
124930
124961
124976
124989
124995
125050
125113
125206
125242
125476
125893
125950
126070
126231
126282
126298
126299
1263
126308
126321
126353
126374
126382
126393
126410
1265
1266
126626
126695
1267
126731
126767
126917
1271
127253
127262
127343
127435
127534
127544
127687
1277
127703
127829
127933
128
128077
1281
128178
1282
128240
128312
128344
1284
128434
1285
1286
128602
128653
128674
1287
128710
1288
128821
1289
1290
129080
1291
1292
129446
129531
1296
129607
129685
1298
129807
1299
130
1300
130074
1301
130132
130271
1303
130497
130507
130560
130574
130589
1306
130612
130749
1308
130814
130872
130888
130916
131
131034
131076
131096
131118
131149
131368
1314
131405
131474
1315
131566
131578
1316
131616
1317
1318
131873
132
132112
132160
132200
132203
132204
132228
1326
132660
132671
132720
132789
132864
132946
132949
133
133121
133396
133418
133522
133584
133619
133746
133923
1340
134145
134265
134266
134353
134492
134526
134553
1347
1349
134957
1350
1351
135114
135138
135228
135250
135293
135398
135644
135892
1359
135935
135946
135948
136
1361
1362
136259
1363
136319
1364
1366
1368
136895
1370
137075
1371
137209
1373
137362
1374
137492
1375
1376
137797
137886
1380
138009
1381
138151
138199
138241
1384
138428
138429
1385
1386
138639
1387
138716
1388
1389
139065
139081
1392
139231
139285
1393
139378
1395
1397
139716
1398
139818
139886
1399
14
1404
140453
140456
140459
140469
140596
140609
140612
140625
140628
140679
140680
140686
140689
140691
140699
1407
140700
140707
140710
140730
140735
140775
1408
140801
140807
140825
140831
140849
140851
140856
140873
140876
140885
140890
1409
140901
140902
1411
1412
142
142678
142684
1427
142891
1429
142940
143
143098
1431
143187
1432
143241
143279
143282
143384
1434
143458
1435
143662
143686
143689
143872
143879
143888
143941
144097
144100
144108
144165
144193
144195
144245
144363
1444
144402
144404
144453
144455
1445
144501
144608
1448
144809
1452
145264
145282
145376
145389
145407
145447
145482
1455
145508
145567
1457
145773
145858
145873
145957
146059
146223
146325
146395
1464
146434
1465
146691
146723
146771
1468
146849
146853
146857
146862
1469
146923
146956
147
1470
147011
147015
147040
1471
147111
147138
147166
147323
147339
1474
147463
147495
1476
147657
147687
147694
147744
147837
1479
147912
147923
147991
148
148022
148137
148156
1482
148206
148229
148252
148254
148304
148398
148423
148534
1487
148823
148867
148932
1490
149041
149076
1491
149111
149175
1493
149345
149371
149420
1495
149685
149699
1497
1499
149951
149986
150
1500
150082
150094
150209
150223
150280
150290
1503
150350
150368
1504
150468
150483
150572
150726
150737
1508
150864
1509
150946
150962
151011
151176
151188
151194
151195
1512
151230
151246
151306
151473
1515
151636
151648
151742
151827
151888
151903
151963
151987
152006
152007
152098
1521
152185
1523
152485
1525
152519
152559
152789
1528
152815
152831
152940
153090
153222
153241
153339
1534
1535
153527
153572
153657
153733
153770
153830
1540
154007
154043
154075
154091
154197
154214
154215
154288
154386
1545
154661
154743
154791
154796
154810
154881
155051
155061
155185
155435
155465
1558
1564
1565
157
1571
1572
157310
157313
157506
157567
157570
157638
157680
157695
1577
157753
157769
157777
157807
1579
157922
157983
158
158046
158055
1581
158158
1582
158219
158293
158326
158399
158405
158427
158471
158511
158747
158763
1588
158866
1589
159
1590
159013
159090
159091
1591
159119
159163
159195
1592
159371
1594
1595
159686
16
160
1601
160140
1602
160335
1604
160418
1605
1606
160622
160760
160897
161
1611
161176
161198
1612
161291
1616
161742
161753
161931
162
1621
162239
162394
162514
162540
162632
162655
162681
1627
1629
162966
162967
162979
163
163033
163071
163081
163087
1632
1633
163404
1635
163590
163702
163786
163933
164
164045
1642
164284
1643
1646
164633
164656
164684
1647
164832
1649
1650
165215
1653
1654
1655
1656
165631
1657
1659
165904
1660
1662
1663
166336
166378
1665
1668
166824
1669
166929
166968
167
1670
167153
167227
1673
167691
1677
1678
167826
168002
168391
168544
1687
168850
1690
169200
169611
169714
170384
170506
170591
170622
170679
170690
170691
170850
170960
171017
171023
171024
171177
171568
171586
1717
1718
1719
1723
1725
1727
1729
1730
1731
1733
1736
1737
1738
1739
174
1740
1741
1742
1743
1746
1749
1750
1756
1760
1762
177
1774
1776
1778
178
1780
1781
1783
1785
1786
1788
1789
1795
18
1801
1805
1806
1808
1809
181
1810
1811
1814
1815
1819
182
1820
1822
1823
1824
1825
1827
1828
1829
183
1831
1832
1836
1839
1840
1841
1843
1844
1845
1847
1848
1849
185
1850
1854
1855
1856
1857
1859
186
1861
1869
187
1870
1871
1874
1875
1876
1877
1889
1891
1892
1894
19
1906
1909
1911
1912
1915
1917
192670
1933
1936
1937
1938
1942
1943
1944
1945
1946
1947
1948
1949
1951
1954
1955
1956
1958
195814
195828
1959
196
1960
196051
196383
1964
196403
196441
1965
196527
196528
1968
1969
196913
196951
197258
1973
197320
197322
1974
197407
1975
1977
1979
1981
1982
1983
1984
1992
199221
199223
1993
1994
1995
1996
199713
1999
199920
199990
2
2000
200014
200081
2002
200232
200312
2004
200424
2005
200576
200728
200734
200765
200894
200895
2009
2010
2011
201134
201158
201161
201163
201191
2012
201243
201266
201292
201294
201299
2014
201475
2015
201514
201516
201595
201626
201627
2017
201799
2018
201895
201931
201973
202
2020
202018
202052
202243
2023
202559
2026
2028
202865
2030
203062
203068
203100
203102
203111
203228
203286
2033
203328
2034
203430
203447
2035
203523
203547
203611
2037
2039
204
2040
2041
2043
2044
2045
204851
204962
205
2050
2052
2054
205428
2055
2057
2058
2059
2063
206358
2064
2065
2069
207
2070
207063
2071
2072
2073
2077
2078
208
2091
2098
2099
21
210
2100
2101
2103
2107
2108
211
2113
2114
2115
2118
2120
2121
2123
2130
2131
2132
2135
2137
214
2145
2146
2147
2152
2153
2165
2167
2168
217
2172
2173
2175
2176
2177
2178
218
2180
2181
2182
2184
2185
2186
2189
219
2193
219333
2194
2195
219539
219541
219578
2196
219654
219699
2197
219738
219743
219771
219790
219793
219844
219855
219902
219927
219931
219990
22
220
2200
220002
220042
2201
220134
220164
220213
220323
220359
2204
2206
220972
2210
221002
221035
221037
221044
221061
221079
221092
221154
221178
221184
221241
221294
221393
221416
221421
221458
221468
221472
221477
221656
221662
2217
221749
221785
2218
221830
221927
221937
221955
221960
222
2220
222068
222183
222194
2222
222223
222236
222256
222484
222584
222658
222865
222962
223
2232
2235
2237
2239
224
2241
2242
2243
2244
2246
2247
2250
2252
2253
2254
2255
2256
226
2260
2261
2266
2271
2272
2274
2275
2277
22794
22795
22796
2280
22800
22801
22803
22807
22808
22809
2281
22818
22820
22821
22823
22827
22834
22835
22836
22837
22838
22839
22841
22845
22846
22847
22849
22853
22854
22856
22858
22859
2286
22861
22863
22864
22868
2287
22872
22873
22875
22876
22877
22879
2288
22880
22881
22883
22884
22887
22889
2289
22890
22891
22893
22894
22897
22898
229
22900
22902
22903
22904
22905
22906
22907
22908
22911
22913
22914
22915
22916
22919
22920
22924
22926
22927
22928
22929
22930
22931
22932
22933
22934
22936
22937
22944
22948
2295
22950
22953
22954
22955
2296
22974
22976
22978
22981
22982
22983
22984
22985
22986
2299
22990
22992
22993
22995
22997
22998
23
230
23008
23011
23012
23013
23014
23015
23019
23020
23022
23023
23024
23028
23030
23032
23035
23036
23037
23039
23040
23041
23042
23043
23044
23046
23047
23048
23049
2305
23052
23053
23054
23057
23059
2306
23060
23061
23062
23063
23064
23065
23067
23070
23075
23076
23077
2308
23080
23081
23082
23085
23089
2309
23090
23092
23093
23094
23095
23097
23099
231
23102
23107
23108
23109
23111
23112
23113
23118
23119
23120
23122
23126
23127
23129
2313
23131
23132
23133
23135
23139
2314
23140
23142
23144
23145
23150
23151
23152
23154
23155
23158
2316
23160
23161
23162
23163
23164
23165
23168
23169
2317
23170
23171
23172
23173
23174
23175
23178
23180
23181
23184
23186
23187
23189
2319
23191
23193
23195
23196
23197
23198
23199
23200
23201
23203
23204
23207
23208
23209
2321
23211
23212
23213
23214
23215
23216
23219
2322
23221
23223
23224
23225
23230
23231
23232
23233
23234
23235
23236
23239
2324
23240
23243
23244
23248
23250
23251
23253
23255
23259
2326
23261
23264
23265
23266
23268
23269
23272
23274
23275
23276
23277
23279
2328
23283
23284
23285
23287
23288
23291
23293
23295
23299
23300
23303
23304
23305
23306
23307
23308
23309
2331
23310
23312
23313
23314
23317
2332
23321
23325
23326
23327
23328
23332
23335
23336
23339
23341
23344
23345
23347
23348
23349
2335
23350
23352
23353
23355
23358
23359
23361
23362
23365
23367
23368
23369
23370
23371
23373
23379
23380
23381
23382
23384
23385
23386
23389
2339
23390
23392
23394
23395
23396
23397
23398
23399
23400
23401
23404
23405
23406
23408
23409
23411
23412
23413
23415
23417
23418
2342
23420
23424
23429
23433
23435
23436
23438
23446
23450
23456
23457
2346
23460
23461
23462
23463
23464
23466
23467
23468
23469
23471
23475
23476
23478
23479
23480
23481
23483
23484
23492
23493
23499
2350
23503
23505
23506
23509
23510
23511
23512
23513
23515
23516
23517
23518
23522
23523
23524
23526
2353
23530
23531
23534
2354
23543
23547
23548
23549
2355
23550
23554
23556
23557
23558
23559
2356
23560
23567
23568
23569
23572
23576
23580
23581
23582
23583
23585
23588
23589
23590
23592
23593
23597
23598
23600
23603
23604
23607
23608
23609
23613
23616
23621
23623
23624
23625
23626
23630
23632
23633
23636
23637
23640
23641
23644
23646
23649
23650
23654
23657
23658
23660
23670
23671
23673
23677
23678
23683
23705
23708
23710
23729
23731
23746
23753
23759
23760
23761
23762
23764
23770
23774
23780
23786
23787
23788
238
2395
24
24138
24140
24142
24145
24149
244
2444
245936
245972
245973
246126
246175
246176
246181
246213
246243
246778
2475
248
2491
2495
25
251
2512
2515
2521
2523
2528
252839
252969
252983
2530
2531
253143
253260
253430
253461
253512
253558
253714
253725
253782
253827
253832
2539
253959
254048
254065
254102
254122
254158
2542
254228
254251
254263
254272
2543
254394
2547
254778
254887
2550
255043
255061
2551
255101
255189
255231
255252
2553
255324
255394
255426
255488
2556
255626
255738
255743
255758
255877
255919
255928
255967
256006
256051
256076
2562
256223
256236
256369
256646
2567
256987
257019
257068
257144
257160
257240
257468
25758
25759
257629
25763
25765
25766
25771
25776
25777
25778
25780
25782
25786
25788
25790
25792
25793
25794
25798
25799
2580
25800
25801
258010
25802
25805
25812
25820
25821
25822
25823
25828
25829
25831
25833
25836
25837
25839
2584
25840
25841
25842
25843
25844
25847
25849
25851
25852
25854
25861
25865
25870
25871
25873
25874
25879
25888
2589
25891
25894
25896
25897
25901
25902
25904
25906
25909
2591
25912
25914
25917
2592
25920
25921
259217
25923
259230
259232
259239
25926
259266
25928
259282
25929
25930
25932
25937
25939
25940
25941
25942
25943
25946
25948
25949
25957
25959
25961
25963
25966
2597
25970
25972
25974
25976
25977
25978
25980
25983
25987
25989
25992
25994
25998
25999
26000
26001
26003
26007
26010
26011
26012
26015
26018
26019
26020
26022
26027
26030
26031
26032
26033
26034
26035
26036
26043
26046
26047
26052
26053
26054
26056
26057
26058
26060
26064
26065
26071
26084
26090
26091
26092
26097
26098
26099
26108
26112
26115
26119
26123
26128
26130
26133
26135
26136
26137
26140
26145
26147
26149
2615
26150
26154
26155
26156
26157
26164
26166
26168
2617
261726
261729
26173
26175
2618
26189
2619
26190
262
2620
26205
26207
2621
26224
26225
26227
2623
26233
26234
2624
26246
2625
26256
26258
26260
26261
26262
26263
26266
2627
26271
26272
26273
26278
26279
2628
26281
26286
26287
26292
26297
2631
2633
26330
26333
2634
26343
2635
26354
2643
2645
26468
26469
26471
26472
2648
2649
26499
265
2650
26502
26503
26505
26508
26509
2651
26511
26512
26515
26517
26519
2652
26521
26523
26524
26525
26528
2653
26531
26538
26541
26574
26575
26576
26577
26579
26585
26586
26589
26595
266
2661
2662
2664
2665
266629
266722
266727
266740
2668
2669
26692
2670
2671
2673
2674
26747
26750
26762
26825
2683
2687
26871
2693
2695
26953
26959
26960
26973
26984
26985
26986
26994
26998
27
270
27000
27005
27006
27018
2702
27020
27022
2703
27030
27033
27037
27042
27043
27044
2705
2706
27068
27069
27072
27074
27086
27087
27089
2709
27090
27091
27092
27097
271
2710
27102
27106
27113
27121
27123
27124
27125
27129
27131
27143
27147
27148
27151
27153
27154
27158
27161
27166
27173
27183
27185
27197
27199
272
2720
27229
27230
27232
27235
27236
27239
27241
27242
27243
27244
27245
27246
27249
27250
27254
27257
27258
27284
2729
27291
27292
27296
2730
27304
27314
27319
27327
2733
27332
27335
27338
27339
2734
27340
27341
27342
27345
27346
27348
2735
27351
27352
2736
2737
2739
274
27429
27430
27433
27434
27436
2744
27440
27443
2745
2746
275
2752
2764
2768
277
2770
2771
2773
2774
2776
2778
278
2780
2782
2783
2784
2787
2790
2792
2793
2794
2796
2798
2799
2802
2803
2804
2806
280658
2810
2815
2819
2820
2821
28227
28231
28232
2824
2825
282763
282809
282973
283
283078
283149
28316
283208
283212
283310
283337
283349
283373
283377
283417
283431
283450
283461
283464
283489
283537
283554
283579
283635
283742
283933
283987
283989
2840
284013
284018
284040
284058
284069
284099
284114
284119
284161
284194
2842
284207
284217
284273
284307
284323
284325
284361
284382
284390
284403
284424
284427
284443
284467
284485
2845
284541
284565
284680
284695
284716
284756
284836
284904
284948
284992
284996
2850
285025
28511
285126
28514
285148
285172
285190
285195
2852
285203
285237
28526
285282
285313
285362
285368
285386
285440
285489
285550
285590
285598
285636
285672
2857
285704
285761
285782
285855
285908
28595
285966
286006
286046
286077
2861
286101
286122
286128
286133
286148
2862
2864
286410
28642
286451
286499
28660
28661
286676
286753
286826
286827
286887
2869
287
2870
2872
2873
2879
28803
2882
28822
2885
2886
2887
2888
2889
2890
28951
28952
28954
28957
2896
28960
28962
28964
28968
28969
28970
28971
28973
28977
28978
2898
28981
28982
28984
28985
28987
28988
28989
28996
28998
29
290
2900
29015
29028
2903
29035
29058
29062
29068
2907
29070
29071
29072
29074
29078
29079
2908
29080
29083
29085
29086
29093
29097
29099
291
29100
29101
29104
29106
29107
29108
29109
2911
29110
29113
29114
29115
29116
29117
29118
29122
29123
29126
29127
29128
2913
2917
2918
2919
292
2920
2921
2923
2925
2926
293
2931
2932
2934
2937
2938
2947
2948
2950
2953
2956
2957
2959
2960
2961
2962
2965
2966
2969
2975
2976
29760
29761
29763
29765
29766
29767
29775
29777
29781
29789
29796
29799
29802
29803
2981
29842
29843
29844
29855
2987
29880
29883
29886
29888
29889
29890
29893
29894
29895
29896
29899
2990
29903
29904
29907
29914
29916
2992
29924
29925
29926
29927
29934
29937
29940
29941
29945
29946
29954
29956
29958
29959
29964
29965
29966
29968
29969
2997
29978
29979
29980
29982
29985
29986
29995
29997
29998
30
30000
30001
30009
30012
3003
3005
3006
30062
3007
3008
3009
301
3012
3014
3015
3017
3018
302
3020
3021
3024
3028
3029
3030
3032
3033
3034
3035
3038
3046
3049
3052
3053
3054
3059
306
3064
3065
3066
3068
3069
307
3070
3073
3074
308
3081
30817
30827
3083
30836
3084
30844
30846
30849
30851
3087
309
3090
3091
3093
3094
3096
30968
3097
3098
3099
31
310
3105
3107
3108
311
3110
3117
3120
3127
3135
3146
3148
3149
3150
3151
3156
3157
3159
3161
3162
3164
3169
317
3170
3171
3172
317761
317772
317781
3178
318
3181
3182
3183
3184
3185
3187
3188
3190
319089
3191
3192
3195
3198
3199
32
3200
3202
3204
3205
3206
3207
3209
321
3211
3212
3213
3215
3217
3218
3219
322
3221
3223
3224
3225
3227
3228
323
3232
3236
3237
3239
324
3241
3249
3251
326624
326625
3267
3268
3269
327
3274
328
3280
3283
329
3293
3294
3295
3297
3298
3299
33
3300
3301
3303
3304
3305
3306
3308
3309
331
3312
3313
3316
332
3320
3321
3326
3329
333
3337
3339
333932
334
3340
3344
3350
3352
3359
3363
3371
3375
3376
337867
337876
337880
338094
3381
3383
338322
3385
338567
338692
338699
339105
339123
339175
339184
339201
339230
339231
339241
339263
339344
339390
339451
339500
339559
3396
339669
3397
339745
339761
3398
339804
339829
3399
339942
339967
339983
34
3400
340206
340277
340348
340351
340419
340542
340547
340811
341
3416
3417
3418
3419
341947
342035
342096
3421
342125
3422
3423
342371
3425
342527
3426
3428
343069
343071
343099
343450
343477
343637
3437
3439
344148
345222
3455
3456
345778
3458
345895
3459
3460
346007
346171
347240
347252
347344
3475
347730
347733
347734
347735
3479
347902
3480
3481
3482
3484
348487
3485
3486
348654
3487
3488
348995
3491
349136
35
350
3508
351
3512
3516
352999
353
353135
353189
353219
353355
353376
353497
353500
353514
3537
3538
3539
354
3547
355
3550
3551
3552
3553
3554
3556
3558
356
3565
3566
3567
3569
3570
3572
3574
3575
3576
3577
3579
358
3590
3592
3595
3597
3598
359948
36
3600
360132
3604
3605
3606
3607
3608
3609
361
3611
3612
3613
3614
3615
3617
362
3621
3622
3624
3625
3631
3632
3633
3635
3636
3638
3641
3643
3646
3652
3654
3655
3656
3658
3662
3664
3667
367
3673
3675
3678
3685
3687
3688
3689
369
3691
3693
3694
3696
37
3703
3706
3707
3708
3709
3712
3714
3716
3717
3718
372
3720
3725
3726
3727
3728
373
373156
3735
373863
3739
374
3741
374291
374354
374378
374393
374569
3746
374654
374655
374666
374786
374897
374899
374900
374907
374977
3750
375056
375061
3752
375287
3753
375323
3754
375444
375449
3755
375593
3756
3757
375704
375743
375748
375790
3759
3763
376497
3765
377
3770
3772
3773
3775
3776
377677
378
378108
3783
3784
3785
3788
378949
3790
3791
3795
3796
3798
3799
38
3800
3801
381
3811
3812
3815
382
3820
3821
3822
3823
383
3831
3832
3835
3836
3837
3838
3839
384
3841
3842
3843
3845
3850
3851
3852
3854
3855
3856
3858
3861
386618
386672
386679
386757
387
387119
387263
387266
3875
387522
387695
387718
387742
387755
387893
387921
388
3880
3882
388323
388325
388341
388381
388389
388419
388552
388569
388650
388695
388722
388730
388753
388951
388963
389
389072
389136
389161
389337
389384
389421
389432
389434
3895
389524
389541
389677
3897
389860
389874
39
390
390036
390205
390271
3903
3904
3909
390916
390927
390980
391
3910
3911
3912
391247
391267
3913
3914
3915
3916
3918
392
3920
3921
392307
392399
3925
3927
3929
3930
3931
3932
3933
3939
394
394263
3945
3949
3953
3954
3955
3958
3959
396
3965
3973
3976
3977
3978
3981
3982
3983
3984
3987
3988
3990
3992
3993
399474
3996
399664
399665
399669
399687
399694
3998
399967
399979
400
4000
400073
4001
400709
400720
4008
400830
400941
400966
401
401190
4012
4015
401548
401562
4016
4017
402
4023
402415
402665
403
403341
4034
4035
4037
4038
4040
404093
4041
404217
404220
4043
4045
4046
404636
4047
404785
4048
405
4052
4053
4058
406
4062
4066
4067
4069
406908
406935
406967
406970
407
4070
407032
407042
4074
4076
4077
408
408050
4082
408263
4084
4085
4086
4087
4088
4089
4090
4091
4092
4093
4097
410
4101
4102
4105
411
4110
4121
4122
4123
4124
4126
4130
4131
4133
4134
414
4140
4141
414152
4143
4144
4145
4148
4149
414918
4150
4151
415116
4152
4154
416
4162
4163
4166
4170
4171
4172
4173
4174
4175
4176
4179
4188
4189
419
4190
4191
4192
4193
4194
4199
4201
4204
4205
4208
4209
421
4211
4212
4214
4215
4216
4218
4221
4223
4224
4225
4232
4233
4239
4240
4241
4250
4253
4254
4256
4257
4258
4259
4261
427
4281
4282
4283
4286
4288
4289
4291
4292
4293
4294
4295
4297
4298
4300
4301
4302
4303
4306
4308
4312
4313
4316
4317
4318
4319
432
4320
4321
4322
4323
4324
4325
4326
4330
4331
4332
4335
4336
4337
4343
4351
4352
4355
4357
4358
4361
4363
439
439921
440
440026
440050
440145
440184
440193
440270
440295
440307
440387
440400
440515
440574
440689
440738
440836
441061
441478
441531
442185
442186
442578
442866
4436
4437
444
445372
4478
4482
4494
4501
4507
4508
4512
4513
4514
4519
4520
4522
4524
4528
4535
4536
4537
4538
4540
4541
4548
4580
4582
4584
4585
4586
4589
4591
4594
4597
460
4601
4602
4603
4604
4605
4609
4610
4613
4615
4617
4618
4627
4628
463
4633
4641
4642
4643
4644
4645
4646
4647
4649
4650
4651
4654
4656
4659
466
4661
4664
4665
4666
467
4670
4671
4673
4677
4678
4680
4681
4682
4683
4684
4685
4686
4688
4689
4691
4692
4693
4694
4695
4696
4697
4698
47
4701
4704
4707
4709
471
4710
4711
4712
4716
4719
472
4723
4726
4728
4735
4736
4739
474
4744
475
4750
4756
4758
476
4761
4762
4763
477
4771
4772
4773
4774
4775
4779
478
4780
4781
4782
4783
4784
4790
4791
4792
4794
4795
4796
4800
4802
4804
481
4811
4814
4817
4818
482
4820
4821
4824
483
4831
4832
4833
4836
4837
4839
4841
4843
4846
4848
4849
4850
4851
4852
4853
4854
4855
4857
4860
4861
4862
4863
4864
4869
488
4880
4881
4883
4884
4891
4893
4898
4899
4902
4904
4905
4907
4909
4913
4916
4917
4919
4920
4921
4923
492307
492311
4924
4925
4926
4928
4929
493
4931
4935
4938
493856
4939
493911
494115
4942
494514
4946
4947
4948
4952
4953
4957
4967
4973
4976
497661
498
4982
49854
49856
4986
49860
4990
4995
4998
4999
5001
5002
5007
5009
5016
5017
5018
5019
5023
5027
5031
5032
5033
5034
5036
503618
5037
503841
5042
5045
5048
50484
50488
5049
50507
50509
50514
5052
5053
5054
5055
5058
506
50613
50615
50616
50618
5062
50624
50628
5063
5064
50649
50650
5066
5069
5071
50717
5073
5074
5076
5077
50801
50804
50805
50807
50808
50809
5081
50813
50814
50838
50839
50846
50848
50853
50861
50862
5087
5089
509
5090
5091
5092
5093
50937
5094
50940
50944
50945
5095
5096
50964
5098
5099
50999
51000
51001
51002
51003
51005
51009
5101
51011
51012
51014
51018
51019
51021
51026
51028
51029
51031
51035
51043
51053
51054
5106
51060
51062
51065
51067
51068
51069
51070
51071
51073
51079
5108
51084
51087
51088
51090
51091
51094
51097
51099
5110
51102
51105
51108
51109
5111
51110
51111
51112
51114
51115
51116
51117
51121
51123
51124
51125
51126
51127
51128
51129
51130
51132
51134
51136
51141
51144
51148
51150
51155
5116
51161
51164
51167
51171
51174
51175
51176
51181
51182
51186
51188
51192
51194
51196
51199
51201
51204
51205
51209
51214
51218
5122
51225
51226
51227
51228
51230
51232
51244
51247
51248
51249
5125
51251
51253
51258
51264
51268
5127
51272
51274
51277
51278
5128
51280
51283
51286
51287
51289
5129
51290
51292
51293
51297
51299
51300
51302
51304
51305
51307
51312
51313
51314
51315
51317
51319
51320
51322
51326
51330
51332
51333
51335
51337
51339
51340
51341
51343
51347
51348
51361
51362
51363
51366
51367
51368
51371
51375
51379
5138
51386
51388
51389
51390
51397
51398
514
5140
51406
5141
51421
51426
51428
51429
51430
51433
51434
51435
51439
5144
51440
51441
51449
51450
51454
51455
51460
51463
51465
51466
51474
51475
51477
51478
51479
5148
51490
51491
51493
51495
51497
515
51506
51507
51514
51517
51520
51522
51523
51529
51533
51540
51542
51552
51559
5156
51562
5157
51571
51573
51582
51585
51586
51588
5159
51592
51593
51596
5160
51602
51604
51606
5161
51611
51614
51616
51617
51621
51622
51626
51629
5163
51631
51637
51645
51646
51647
51650
51651
51652
51654
51655
51659
5166
51660
51661
51663
51665
51666
51667
51668
51669
51673
51676
51678
51684
517
5170
51701
51703
51705
51706
51715
51719
5172
51726
51727
51728
51729
51735
5174
51742
51747
51752
51754
51755
51759
5176
51762
51763
51773
5178
51780
518
51804
51805
51806
51807
51808
51809
5187
5188
5189
5194
5195
5198
52
5201
5202
5203
5204
5208
5209
5210
5211
5212
5213
5214
5216
5217
5218
522
5223
5226
5229
523
5230
5236
5238
5239
5243
5245
5250
5255
5256
5257
526
5264
5265
5268
5269
527
5270
5272
5273
5274
5277
528
5281
5286
5287
529
5290
5291
5292
5293
5294
5295
5296
5297
5298
5300
5305
5306
5307
5309
5310
5311
5315
5317
5318
5321
5324
5326
5327
5328
5331
5332
5333
53346
53349
53353
53358
5336
5337
53371
53373
5339
53407
5347
535
5351
5352
5355
5356
5357
5358
5359
5361
53615
5362
53635
53637
5366
5368
537
5371
5375
5376
5378
538
53832
53834
53836
53838
53841
53918
5394
53944
53947
5395
5396
540
54014
54020
54039
54058
5406
54069
5408
54093
54097
54101
54107
54108
5411
5412
541578
54165
54187
5420
54205
54206
5422
5423
5424
5425
5426
5427
542767
5428
5430
5431
5432
5433
54332
5434
5435
5436
54360
5437
5438
54386
5439
54407
5441
54413
5443
54433
54434
54438
54439
54443
5445
54454
54456
54458
5446
54462
54463
54464
54467
5447
54471
54472
54475
54476
54477
54480
54482
54487
54491
54495
54496
54497
54502
54509
5451
54511
54516
54517
5452
54521
54529
54531
54532
54534
54535
54537
54538
54539
54541
54542
54545
54546
54552
54557
54558
5457
54575
54581
54585
54587
5459
546
5460
54602
54606
54620
54622
54623
54625
54626
54629
5464
5465
54663
54664
54665
54675
54676
54677
5468
54680
54682
5469
547
54704
54707
5471
54726
5473
54732
54737
54739
54742
54749
54751
54756
5476
54760
54764
54765
54776
54778
5478
54784
54785
54788
5479
54790
54793
54795
54796
54798
54799
5480
54800
54801
54805
54806
54808
54810
54811
54812
54813
54814
54815
54816
54820
54821
54822
54825
54829
54830
54832
54834
54838
54841
54842
54845
54847
54849
54852
54856
54861
54863
548645
54865
54867
54868
54872
54875
54876
54877
54878
54879
54880
54881
54882
54884
54885
54887
54888
54890
54891
54892
54893
54896
54898
549
54904
54910
54914
54915
54918
54919
54920
54921
54922
54926
54928
5493
54932
54933
54935
54938
5494
54941
54942
54946
54948
54949
5495
54954
54956
54958
54959
5496
54961
54962
54964
54965
54967
54972
54973
54976
54977
54980
54982
54984
54989
5499
54994
54996
54998
550
5500
55002
55004
55006
55007
55008
5501
55013
55015
55016
55018
5502
55020
55023
55026
55027
55028
55030
55031
55032
55033
55034
55037
55038
55041
55048
55052
55064
55065
55066
55068
55069
5507
55070
55071
55075
55076
55082
55084
55086
55088
55089
55092
55093
55095
5510
55101
55102
55103
55105
55109
5511
55112
55113
55114
55117
55119
55125
55127
55128
55132
55135
55137
55139
5514
55140
55143
55144
55146
55148
5515
55150
55151
55154
55156
55157
55159
5516
55160
55161
55163
55164
55165
55166
55171
55172
55173
55174
55175
55176
55177
55178
55179
5518
55183
55184
55186
55187
55188
5519
55193
55196
55197
55198
5520
55201
55204
55205
55207
55208
55209
5521
55210
55211
55212
55213
55215
55216
55218
5522
55222
55224
55225
55227
55230
55236
55239
5524
55240
55243
55245
55248
55249
5525
55250
55251
55252
55256
55257
55266
55268
5527
55270
55272
55273
55274
55275
55276
55277
55278
55281
55282
55284
55285
55288
552889
5529
552900
55291
55294
55298
553
5530
55300
5531
553115
55312
55313
55315
55316
55317
5532
55320
55321
55322
55325
55326
55327
55329
55332
55333
55334
55336
55339
5534
55341
55342
55343
55347
55349
5535
55352
55353
55355
55356
55357
5536
55362
55363
55366
55367
5537
55370
55374
55379
5538
55388
5540
55422
55425
554279
554313
55432
55436
55437
55454
5546
55466
5547
55486
55500
55501
55502
55503
55505
55506
55509
55512
55515
5552
55521
55526
55527
55532
55536
55540
55544
5555
55552
55553
55556
55565
5557
55573
55577
55582
55585
55591
55592
55593
55596
55599
55601
55602
55603
55605
55607
55609
55611
55612
55614
55616
55619
5562
55621
55623
55624
55626
55627
55628
5563
55631
55632
55633
55635
55636
55638
55643
5565
55651
55652
55654
55656
5566
55660
55662
55664
55665
55666
55677
55680
55683
55684
55686
5569
55690
55692
55693
55695
55696
55697
55698
55699
55700
55701
55702
55703
55705
55706
55707
55709
5571
55713
55714
55715
55716
55717
55718
55719
55720
55721
55723
55727
55728
55729
5573
55731
55732
55733
55734
55735
55737
55740
55741
55743
55744
55745
55746
55748
55749
55750
55752
55753
55754
5576
55760
55762
55764
55765
55768
55769
55770
55771
55775
55776
55777
55778
5578
55781
55784
55785
55787
55788
5579
55790
55794
55796
55798
55799
558
5580
55802
55803
55808
55809
5581
55819
55823
55824
55827
55830
55831
55832
55833
55835
5584
55840
55841
55844
55848
5585
55852
55858
55859
5586
55862
55869
55870
55871
55872
55888
5589
55890
55893
55898
55900
55902
55904
55905
55907
55914
55916
55917
55920
55922
55924
55929
5593
55930
5594
5595
55954
55957
55959
55968
55969
5597
55972
55973
55974
5598
5599
5600
56000
5601
56034
5604
56052
56061
5608
56097
5610
56103
56106
5611
56113
56114
5612
56121
56122
56126
56138
56142
56144
56154
56156
56157
56172
56203
56204
5621
5623
56243
56245
56252
56253
56255
56256
56257
56259
56261
56262
56267
56269
5627
56270
56271
56287
56288
5631
5634
56341
56342
56344
5635
5638
5639
5641
56474
56477
56478
5649
5650
5652
56521
5654
56547
56548
5660
56603
56605
56616
56623
5663
56647
56648
56650
56651
56652
56654
56655
56656
56667
56673
56674
5670
56704
5671
56731
5678
5683
5684
56849
5685
56850
56851
56853
5686
5688
56882
56889
5689
56890
56893
56894
56895
56896
56898
56899
5690
56900
56904
56905
56906
56907
56910
56911
56914
56916
56917
56924
56926
56927
56929
5693
56931
56934
56935
56938
5694
56940
56943
56944
56946
56947
5695
56950
56951
56953
56954
56955
56956
56957
56963
56965
56970
56977
56981
56983
56984
56987
56990
56992
56993
56994
56995
56997
56998
56999
570
5700
57001
57003
5701
57016
57017
57018
57019
57020
57026
57030
57035
57038
5704
57045
5705
57050
57062
5707
5708
57082
57084
57085
57088
57089
5709
57092
57094
57096
57097
57099
571
5710
57103
57104
57107
57109
57113
57119
57120
57124
57126
5713
57134
5714
57140
57142
57143
57146
57149
5715
57150
57153
57157
5716
57161
57162
57165
57167
57169
5717
57175
57178
57179
5718
57181
57184
57187
5719
57190
57191
57194
57198
5720
57205
57209
57211
57213
57216
57217
57223
57224
5724
5725
5727
5728
5730
5732
57325
57326
57335
57337
5737
5738
57380
57396
573971
57402
57403
574037
57404
57405
57410
57418
5743
5744
57452
57453
57456
57458
57459
5746
57460
57461
57462
57464
57466
5747
57471
57472
57473
57474
57475
57477
57478
57479
57480
57482
57484
57488
57491
57492
57493
57496
57498
57502
57505
57506
57507
57508
57509
57510
57513
57520
57521
57522
57523
57525
57530
57531
57532
57533
57534
57535
57538
5754
57541
57542
57544
57545
57551
57552
57555
57559
5756
57561
57563
57565
57568
5757
57571
57572
57574
57575
57576
57577
57579
57583
57584
57585
57589
57590
57595
57599
57602
57606
57608
57610
57614
57616
57617
57621
57622
57626
57627
5763
57631
57633
57634
57639
57644
57645
57646
57647
57648
57649
57655
57657
57659
57661
57662
57663
57664
57669
57670
57673
57674
57678
57679
5768
57680
57685
57688
57693
57696
57697
57698
57699
577
5770
57700
57701
57704
57705
57706
57715
57716
57720
57722
57724
57728
57730
57732
5774
57761
5778
57786
57787
57799
578
5780
57804
57805
5781
5782
57820
57822
57826
57827
5783
5784
5786
57862
57864
5787
579
5791
5792
5793
5794
5795
5796
5797
5798
5799
580
5800
5802
5803
5805
5806
581
5810
5813
5814
58155
5817
5819
58190
58191
5822
5824
5826
5829
5831
5832
5833
5834
5836
5837
58473
58477
58478
58484
58485
58487
58489
58490
58491
58493
58499
58504
58505
58506
58508
58516
58524
58525
58526
58533
5859
586
5860
5861
5862
5863
5864
5865
5866
5868
5869
587
5870
5872
5873
5874
5875
5876
5878
5879
5880
5885
5886
5887
5888
5889
5890
5892
5893
5894
5896
5898
58985
58986
5899
590
5900
5901
5903
5905
5908
59084
5909
5911
5914
5916
5917
5919
5921
5923
5925
5926
59269
5927
59272
59274
59277
5928
59283
59286
5929
5931
5933
59336
59338
5934
59340
59341
59345
59349
5935
59350
5936
5937
5939
5944
5947
595
5954
5955
5956
5957
5959
596
5965
597
5970
5972
5977
5978
5979
598
5980
5981
5983
5984
5985
5987
5989
599
5990
5991
5998
60
6003
6004
6005
6009
6015
6018
60312
60313
60314
60343
60370
6038
604
60401
6041
60412
60436
6045
60468
6047
6048
60481
60484
60485
60487
60488
6049
60496
605
6050
60506
6051
60526
60528
60559
60625
60681
607
6070
6092
6093
6094
6095
6096
6097
6098
610
6101
6102
611
6117
6118
6119
6120
6121
6122
6124
6125
6128
6129
613
6130
6132
6133
6134
6136
6137
6138
6141
6142
6143
6144
6146
6147
6152
6154
6155
6156
6157
6158
6159
6160
6161
6165
6166
6167
6168
617
6170
6173
6175
6176
6181
6182
6183
6184
6187
6188
6189
6191
619279
6193
6194
6195
6196
6197
6198
6199
6201
6202
6203
6204
6206
6208
6209
6210
6217
6218
6222
6227
6228
6229
623
6231
6232
6233
6234
6235
6236
6237
6238
6239
6240
6241
6242
6249
6251
6253
6257
6259
6262
6263
627
6271
6272
6273
6276
6278
6279
6281
6282
6286
6288
629
6294
6295
6297
6299
6301
63027
6303
63035
6304
6305
6307
6309
6310
6314
6319
632
6320
6322
6323
6324
6326
6328
6329
6335
6339
6341
6342
6345
6346
6347
6349
6352
6354
6356
6358
6359
636
6361
6363
6364
6367
6369
6370
6372
6374
638
6382
63827
6385
6386
6387
63874
63875
6388
6389
63891
63892
63893
639
6390
63901
63904
63906
6391
63915
63916
63917
63922
63931
63933
63934
63939
6396
63967
63970
63971
63976
6398
63982
6399
6400
6401
6404
64061
64062
64063
64065
64081
64083
64084
64087
64089
64091
64092
64094
64097
641
64101
64105
64112
64114
64116
64118
64121
64127
64130
64132
64137
641372
64145
64149
6415
64151
6416
64168
64172
6418
64184
642
6421
64210
64215
64216
6422
64221
64222
64224
64225
642273
6423
64236
64241
6426
6427
6428
64282
64283
6429
642938
642976
6430
6431
64318
64319
6432
64324
64326
64328
64332
6434
64342
64359
643641
64375
64376
64386
64388
64393
64395
64396
64397
64398
64407
6441
644150
64418
64419
64421
64422
64423
6443
64430
64434
644591
644739
6448
644809
644815
644914
645
645090
6451
645191
6452
6455
6456
64577
64582
64598
64599
646
64601
646023
6462
6464
64645
646658
64682
6469
646962
6470
647024
64708
64710
64718
6472
64746
64750
64753
64755
64756
64757
64759
64762
64764
64768
64769
64770
64771
64773
64778
64780
64781
64782
64784
64785
64786
64793
64794
64795
648
6480
64802
64806
6483
64834
64837
64838
64840
64841
64847
64850
64852
64855
64857
64858
64859
64864
64866
64895
649
6490
64900
64902
6491
64919
64921
64922
64925
64928
6494
64943
64949
6495
64951
64960
64963
64965
64968
64969
6497
64976
64978
6498
64981
6499
650
6500
65005
65008
6502
6504
6505
65055
65056
65057
65059
6507
65080
65083
65084
6509
65095
6510
65108
65109
6511
65110
65117
65121
65122
65123
65124
65125
6513
6515
6517
6518
6520
6522
65220
6523
65244
65258
6526
65264
65265
65266
65267
6527
653121
653145
6532
653226
653240
653247
6533
653437
653464
653489
6535
653583
6536
653604
653641
653689
653781
6539
654
6541
6542
654346
6548
6549
6553
6558
6560
6566
6567
6568
657
6573
6576
658
6581
6582
6584
6585
659
6591
6594
6595
6596
6597
65975
65977
65979
6598
65982
65983
65985
65986
65987
65988
6599
65991
65992
65993
66004
6601
6602
6603
66036
6605
6607
6608
6611
6612
6613
6615
6620
6621
6622
6623
6624
6625
6627
6628
6629
663
6632
6633
6634
6636
6637
664
6640
6641
6642
6645
6646
6647
6648
6649
665
6650
6651
6652
6655
6656
6657
6658
6659
666
6660
6662
6664
6667
6668
667
6670
6671
6674
6675
6678
6683
6688
669
6696
6698
6707
6709
6710
6711
6712
6713
6714
6715
672
6720
6721
6722
6723
6726
6727
6728
6729
673
6730
6731
6732
6733
6734
6738
6744
6746
6747
6748
6749
675
6756
676
6760
6767
6768
6772
6773
6774
6776
6777
6778
678
6780
6783
6785
6786
6787
6788
6789
6790
6793
6794
6801
6804
6810
6811
6812
6813
6814
6815
6818
6819
6822
6829
6830
6832
6835
6836
6837
6840
6844
685
6850
6853
6855
6856
6857
6860
6861
6863
6866
6867
6868
687
6870
6872
6874
6875
6876
6877
688
6880
6885
689
6890
6892
6894
6895
6899
6901
6902
6907
6908
6909
6910
6913
6917
6919
6920
6923
6924
6927
6928
6929
6932
6934
6935
6936
6938
694
6940
6941
6943
6945
6949
695
6950
6954
6956
6988
699
6992
6993
6996
7001
7003
7005
7008
7009
701
7011
7014
7015
7016
7018
7019
7020
7022
7023
7024
7026
7030
7032
7035
7037
7039
7040
7041
7042
7044
7045
7046
7048
7049
705
7050
7051
7052
7056
7057
7059
7064
7066
7067
7068
7071
7072
7073
7074
7076
7078
708
7082
7083
7084
7086
7087
7088
7090
7091
7092
7094
7096
7097
7098
7099
71
710
7101
7102
7105
7107
7108
7109
7110
7112
7123
7126
7127
7128
7134
7135
7142
7145
7148
7150
7153
7155
7156
7157
7159
716
7161
7162
7163
7164
7165
7167
7168
717
7170
7171
7173
7175
7178
718
7182
7184
7185
7187
7189
7203
7204
7205
7220
7222
7225
7227
723790
724087
7247
7248
7249
725
7251
7252
7259
7262
7264
7265
727
7272
7273
7274
7275
727738
727897
727936
727957
728
728113
728118
728130
728239
728269
728294
7283
728340
728378
7284
728458
728489
728577
728621
728661
728689
7288
7289
729230
729262
729359
7294
729408
7295
729528
7296
7297
7298
729857
729967
730051
730094
731
7311
7314
7316
7317
7319
7321
7322
7323
7324
7325
7326
7327
7328
7329
7332
7334
7335
7336
7342
7343
7345
7351
7352
7355
7357
7358
7360
7363
7367
7368
7371
7372
7373
7374
7376
7378
738
7386
7389
7390
7392
7398
7399
740
7402
7405
7407
7408
7409
741
7410
7411
7414
7415
7416
7417
7421
7422
7428
7430
7431
7432
7436
744
7442
7443
7448
745
7453
7456
7458
7461
7464
7465
7466
7468
747
7471
7473
7474
7475
7477
7478
7483
7484
7485
7490
7494
7498
7503
7504
7507
7508
7514
7515
7516
7520
7525
7528
7529
753
7531
7532
7533
7534
7535
7536
7538
7539
754
7541
7542
7546
7547
7551
7552
7555
7562
757
7571
7576
7581
7584
7587
759
7596
7597
760
761
763
7634
7637
7638
767
768
768217
7690
7695
7699
770
7706
7707
771
7711
7716
7718
7728
7738
774
7745
7748
775
7752
7753
7756
7757
7761
7762
7763
7764
7769
7773
7776
7779
7780
7782
7784
7786
7789
779
7791
7798
780
7802
7803
7804
7805
780776
781
7812
7813
7818
782
7827
783
7832
7837
784
7840
7841
7844
7846
785
7850
7851
7852
7855
786
7862
7866
7867
7869
7871
7873
7874
78987
78990
78991
78992
78994
78995
78996
790
79000
79001
79003
79004
79009
79012
79017
79018
79019
79023
79026
79027
79031
79033
79034
79035
79036
79038
79039
79042
79047
79048
7905
79050
79054
79056
79057
79065
79066
79070
79071
79073
79074
79075
79077
79081
79084
79085
79087
79092
79094
79095
790955
79102
79109
7913
79135
79136
79137
79139
79142
79144
79145
79147
7915
79154
79155
79156
79159
7916
79161
79169
7917
79171
7918
79180
79183
79184
79188
7920
79228
7923
79258
79269
7936
79364
79365
79366
79369
794
7941
79412
79413
7942
79441
79442
79443
79446
79447
795
79567
79568
7957
79570
79571
79572
79576
79577
79581
79585
79586
79587
79589
79590
79596
79598
79600
79602
79603
79609
79611
79612
79613
79618
79627
79633
79634
79635
79637
79639
79641
79643
79644
79646
79647
79648
79649
7965
79650
79651
79654
79657
79658
79659
79660
79661
79663
79664
79665
79666
79670
79671
79675
79676
79677
79679
79680
79682
79683
79685
79689
79690
79691
79693
79695
79698
79699
79707
79709
79710
79711
79716
79717
79718
79719
79720
79726
79727
79728
79729
79731
79733
79734
79735
79736
79745
79747
79751
79752
79754
79763
79774
7978
79783
79784
79785
79789
7979
79791
79794
79796
79801
79803
79805
79807
79811
79813
79814
79820
79822
79823
79827
79830
79832
79837
79839
7984
79841
79843
79844
79847
79850
79861
79866
79867
79869
79871
79874
79875
7988
79882
79883
79886
79888
79892
79894
79899
79901
79902
79905
7991
79913
79915
79922
79923
79929
79930
79935
79937
7994
79943
79944
79953
79954
79956
79957
79960
79961
79966
79968
79969
79971
79973
79980
79982
79998
800
80000
80004
80005
80006
80007
80008
80010
80011
80012
80014
80018
80020
80023
80025
80028
80032
80034
80045
80063
80071
80095
80097
80099
80108
80111
80117
80119
80124
80127
80129
8013
80133
80139
80142
80144
80145
80149
80150
80152
80153
80155
80162
80169
80173
80174
80179
80183
80185
8019
80194
80198
80204
80205
80207
80208
80209
8021
80212
80217
80218
80221
80223
80224
80228
80232
80233
80243
80254
80255
80267
8027
80270
80273
80279
80303
80304
80306
80308
8031
80311
80312
80314
80315
80323
80324
80325
80328
80331
80332
80335
80336
8034
80344
80346
80347
80349
80350
80351
8036
8038
80381
8050
8061
8065
80700
80705
80727
80728
8073
80737
8074
80742
80746
80758
80759
8076
80760
80762
80764
80765
80774
80777
8078
80789
8079
80790
808
80816
80817
80818
8082
80821
80823
80824
80829
8085
80852
80853
80854
80856
8086
80862
8087
80895
8091
8092
8099
81
81029
81031
81034
81035
811
8110
8115
8125
813
8131
814
8140
81472
8148
81488
81490
81491
81502
8153
81533
81537
81539
81545
81550
81552
81553
81554
81555
81556
81557
81558
81562
81563
81565
81566
81567
81569
81572
81573
81575
81577
81578
816
81602
81603
81605
81606
81608
8161
81610
81614
81617
81618
81619
81620
81623
81624
81628
81631
81669
81671
81688
81691
817
81786
81790
81792
818
81831
81839
81846
81848
81849
81856
81857
8187
81871
81873
81875
81876
8189
81892
81894
819
81929
8193
81930
820
8200
8202
8204
8208
8209
821
8216
822
8220
8226
8228
823
8237
8239
824
8241
8242
8243
826
8260
8269
8273
8277
8284
8289
829
8290
8292
8294
8295
8301
8302
8309
831
8312
8313
8314
8315
8317
8318
832
8320
8321
8322
8323
8324
8325
8329
833
8330
8331
8332
8334
8335
8336
8337
8338
8340
83417
8344
83440
83442
83443
83444
83447
8345
83452
8346
83460
83461
83463
8347
8348
83480
83481
8349
835
8350
8351
8352
83539
8354
83540
83541
83543
83544
83548
83549
8355
8357
8358
8359
83590
83592
83593
83596
8360
83604
83606
83607
8361
8362
8363
83636
83637
83638
83639
8364
83641
83643
83648
8365
83656
83657
83659
83660
83661
83666
83667
8367
8368
83693
83698
83699
837
8370
83714
83716
83719
8372
83729
83733
83734
83737
83743
83746
83752
83759
83786
83787
8379
8382
8383
83853
83857
83860
83862
83871
83879
83881
83884
83890
83892
83901
83903
83931
83932
83933
83939
8394
83956
8396
83986
83989
8399
83990
83999
840
84002
84033
84056
84057
84059
8406
84061
84063
84064
84067
84068
84069
8407
84075
84076
84078
84079
8408
84080
84081
84084
84085
8409
84101
84103
84108
8411
8412
84126
84128
84131
84132
84133
84146
84162
84163
84164
84168
8417
84171
84172
84174
84182
84186
84187
84188
8419
84193
84196
842
84206
84220
84223
84226
84230
84232
84233
84236
84246
84247
8425
84250
84255
84259
84260
84263
8427
84270
84271
84272
84273
84279
8428
84280
84281
84285
84286
84294
84295
84298
84300
84301
84302
84305
8431
84311
84312
84313
84314
84319
84321
84327
84328
84333
84334
84335
84336
8434
84342
8437
8438
8439
844
84418
8443
84433
84435
84437
8444
84441
84445
84446
84447
8445
84450
84451
84458
84461
84464
84465
84467
8449
84498
8451
84515
84516
84518
8452
84524
84527
84529
8453
84532
84539
8454
84542
84545
84549
84553
84557
84560
8458
8460
84612
84617
84618
8462
84622
84624
84629
8463
84632
8464
84640
84641
84650
84651
84658
84665
84668
84676
84678
84684
84687
84688
84689
84698
847
8470
84706
84707
8471
84722
84725
84726
8473
84733
84735
84750
84759
8476
84775
84790
84795
8480
84804
8481
84818
84823
84824
84832
84833
84838
8484
84842
84858
84859
84861
84864
84865
84866
84869
84870
84875
84878
84881
84883
84886
84890
84892
84893
84896
84897
84899
84901
84908
8491
84910
84912
84913
84914
84915
84916
84918
84919
84920
84922
84923
84925
84926
84928
84929
8493
84930
84932
84934
84937
84941
84946
84947
84950
84951
84952
84954
84958
84959
8496
84962
84964
84967
84969
8497
84975
84976
8498
84981
84984
84986
8499
84991
84993
8500
85004
8501
85013
85015
8502
85021
8503
8506
8507
8508
8511
8515
8518
8519
8520
85235
85236
8525
85289
85291
85293
85301
8531
85315
85320
8533
8535
85352
85359
85364
85365
85377
85378
85379
8538
85395
85397
85403
85406
85407
85413
85414
85416
85439
85440
85444
85450
85451
85456
85458
85459
8546
85462
85463
85464
85465
85474
85476
85477
85478
8549
8553
8554
8555
8556
8558
8560
8562
8563
8565
8566
8567
857
8570
8572
8573
8574
8576
8577
858
86
860
8600
8603
8604
8605
8607
8609
861
8611
8613
8614
8615
862
8621
8624
8626
8630
8633
8635
8636
8638
864
8641
8644
8645
865
8650
8651
8653
8654
8658
8660
8661
8662
8663
8664
8665
8666
8667
8668
8669
8672
8673
8675
8676
8677
8678
8682
8683
8694
8697
87
8703
8704
8706
8708
871
8714
8715
87178
8720
8721
8722
8723
8726
8729
873
8731
8732
8733
8736
8738
874
8741
8742
8743
8744
8747
8749
875
8751
8754
8760
8761
8763
8766
8771
8772
8773
8774
8776
8777
8778
8780
8789
8793
8795
8797
88
8800
8801
8802
8803
8804
8809
8811
8812
8813
8816
8819
8820
8822
8823
8824
8825
8826
8828
8829
8833
8834
8835
8837
8838
8839
8840
8847
8848
8850
8851
8852
8854
8856
8864
8867
8869
887
8870
8871
8872
8874
88745
8875
8877
8878
8879
8880
8883
8884
8886
8887
8888
8891
8892
8893
8894
8895
8896
8897
8898
890
8900
8904
8905
8907
8908
8909
891
8911
89122
8914
8915
8924
8925
8926
8927
8933
8935
8936
8939
894
8943
8945
896
8968
8969
8970
8971
8974
8976
89780
89781
89782
89790
89795
89796
89797
898
89832
89848
89849
8985
89857
8986
89866
8989
89890
89891
899
8991
89910
8992
8993
8994
89953
89958
8997
89970
9
90
900
90007
90011
90070
90075
901
90102
90121
90141
9015
90187
9019
90196
9020
9022
9023
90231
90249
9026
90268
9031
90313
90316
90324
90326
9033
90333
90338
90355
90362
9037
90381
9039
904
90407
90411
90416
90427
9043
9044
90441
9045
90459
90480
90488
905
9050
90522
90527
9053
9055
90550
9057
9058
90589
90592
9060
90624
90627
9063
90655
9069
9076
90780
9079
908
9080
90809
9081
9083
90850
90853
90861
90865
9088
9092
9093
9094
90952
90956
90957
9097
90987
91
9100
9101
91010
91057
9107
9110
91107
9111
9113
91137
9114
91156
9118
912
9120
9122
9123
9124
9125
9126
9127
91283
91289
9130
91300
9131
9134
9136
9138
9139
91404
91408
91409
9141
9143
91433
9144
9145
91452
9147
9148
9149
9150
91523
91526
91543
9156
91574
91582
91584
9159
91607
91608
91614
9162
91653
91663
9167
9168
91683
9169
91694
9173
91746
91748
91749
91754
91768
91775
91782
9180
9181
9182
9183
9185
91851
91869
9188
9189
91893
91894
919
9191
9194
91947
9197
92
9200
92014
92017
9203
9208
9209
92104
92105
92106
9212
92126
9213
92140
92154
9217
92170
9218
92181
9219
922
9220
9221
9223
92241
92255
9227
92270
92291
92293
92304
9231
9232
9236
92370
9238
92399
9242
9244
9245
9249
925
9252
92521
9253
9255
9256
92579
9258
9260
92609
9261
92610
9262
9265
9266
9267
92675
92691
92703
92714
9274
92745
9277
928
92815
9283
929
9290
92912
92949
9295
92999
93
93035
93081
93082
93109
93129
9313
93134
9314
9315
93183
93185
9319
9320
9321
9322
9326
9328
9329
9330
9331
93323
9334
93343
9337
9338
9341
9342
9343
9344
93487
93492
9351
9352
9353
9354
9355
93550
93589
93594
9361
93611
9362
93621
93627
9364
93643
9365
93650
93664
9368
9371
9372
9376
9377
9378
938
9380
9382
9388
9390
9391
9392
93973
93974
9398
940
94005
94009
9401
94015
94031
94056
9406
9407
94081
9409
94097
9410
94101
94103
94104
94107
9411
9413
94134
94137
9414
9415
9416
942
9420
9422
9423
94234
94235
94239
94241
94274
9429
9439
9440
9444
9445
9446
945
9451
9452
9453
9456
9457
9462
9465
9466
9467
9469
947
9470
9473
9475
9477
9478
9479
948
9480
9491
9493
9495
9497
9498
950
9501
9507
951
9510
9513
9516
9518
9519
9520
9522
9524
9525
9526
9527
9529
953
9531
9533
9534
9536
9537
9538
9540
9546
955
9550
9555
9556
9559
956
9563
9567
9568
95681
9570
9572
9575
9578
958
9581
9582
9583
9584
9585
9586
9587
9588
9589
9590
9592
9595
9596
960
9600
9604
9605
9609
9611
9612
9615
9617
9618
9623
9625
9630
9631
9632
9639
9640
9641
9643
9644
96459
9646
9647
9648
9650
9651
9652
9653
9655
9656
9657
9658
96597
966
9663
9666
9668
9669
9670
9672
9673
9678
968
9681
9682
9683
9685
9687
9688
9689
969
9690
9691
9693
9695
9697
9698
9700
9701
9702
9703
9705
9706
9708
9709
9710
9720
9721
9722
9724
9726
9727
9728
9730
9732
9735
9736
9738
9739
9741
9742
9743
9748
9749
975
9750
9754
9755
9758
9759
976
9761
9765
9766
9767
9768
9772
9774
9775
9778
9780
9781
9782
9783
9784
9785
9787
9788
9792
9793
9794
9796
9797
9802
9804
9805
9807
9810
9812
9813
9815
9816
9817
9818
9819
9820
9821
9823
9824
9825
9827
9829
983
9830
9832
9833
9837
9839
9840
9841
9842
9847
9852
9858
9859
9861
9862
9867
9868
9869
987
9871
9873
9874
9875
9877
9878
988
9880
9881
9883
9886
9887
9889
989
9890
9894
9896
9897
9898
9899
990
9900
9902
9903
9904
9906
9908
9909
991
9911
9912
9913
9915
9917
9918
9919
9920
9921
9924
9925
9926
9927
9928
9929
993
9930
9931
9933
9935
9939
994
9943
9945
9949
995
9950
9953
9958
996
9960
9962
9966
9967
9968
9969
9972
9973
9975
9976
998
9980
9982
9986
9987
9988
9989
999
9990
9991
9993
9994
NA
"Target.Gene..Entrez.ID."
