2917
182
2735
5077
904
3479
6608
5879
2272
1026
4851
8061
9759
4609
8839
4602
51053
8091
1875
4233
1019
9134
2044
4613
6857
1021
595
80328
2308
55294
3172
3615
2885
5245
3612
26281
1871
28514
6844
65986
4661
79923
23411
596
6671
6670
6667
4322
3488
993
19
3065
55869
7422
1445
2247
387
998
7528
4105
4102
4101
4194
4853
5604
136
8682
1374
4864
3456
207
10391
4437
1869
1545
10597
8771
5468
2012
28996
7068
960
10766
10253
5315
27086
6495
4293
284390
1051
6688
1909
2070
7535
2064
4916
6804
6657
5156
7421
406
558
9242
1786
92140
6367
152831
2034
8570
79084
23549
4763
7157
51614
23047
5514
860
4780
54677
8660
4802
6714
8202
1956
28962
2254
6235
60401
9889
57224
4891
53371
3770
3202
55112
56889
170960
203547
30000
23211
79609
166968
221092
80854
9969
84881
9841
57213
9698
26271
389421
54799
113201
928
79720
10212
64858
3916
54918
7541
283489
10642
340547
3209
26145
3752
145873
1392
84255
5522
55038
374977
56122
717
200232
56113
85289
2239
7776
4744
159119
55762
7367
51141
25823
151188
56106
89790
5718
353500
210
55521
186
79861
79567
136895
23059
115207
10060
90411
55619
51164
57179
84312
6860
378
25940
50484
55284
285598
55251
7105
9950
7525
54622
283635
11238
55968
6502
26273
80267
11080
29097
6120
25932
7046
23174
134553
9643
80255
2776
3685
488
203228
5081
8335
11273
8480
3021
2182
8290
23534
8344
23352
10254
8294
6510
1409
22934
8362
9810
51727
57018
4172
9219
8370
8971
3799
23530
317772
10049
8338
1173
10452
51729
3012
84193
55660
223
54887
1832
8359
8348
2619
6237
6709
5899
7917
9774
23224
382
64062
29128
6241
64949
54606
3018
11097
10163
128312
79026
6772
8368
392
11160
8360
4678
3009
27338
8355
7965
1947
22978
25765
64710
54821
10938
160
6238
51109
6711
8334
3303
3008
163
55272
6829
55436
790
11100
26003
10137
7247
29934
6885
4507
11112
57627
91408
57187
307
10735
23524
1072
5424
4361
7052
823
161
51663
2664
126298
57488
3796
8364
8361
23780
9414
55695
3069
4288
5860
26130
11212
8697
80777
80209
23369
8703
84750
22916
84146
3251
10613
1376
79892
8337
6515
9785
55602
10616
246181
57103
1595
11311
554313
5557
4171
3020
3007
1499
6949
8354
8367
1992
10397
8357
84632
54517
991
8349
10643
25929
10447
1969
23394
8365
5534
55137
29843
11076
3939
6251
1731
26058
644914
3831
57532
8969
104
9690
2673
8330
7296
10523
8351
7037
57175
5954
4199
1854
6288
3895
1981
9497
9797
57525
4176
9793
83442
255626
2017
1662
57142
6273
85235
144195
832
26136
2237
2821
57062
51497
8350
723790
7298
79180
23367
9188
2184
822
2992
89890
84923
26509
55907
2975
653604
23305
988
9691
64210
28968
10989
4928
23044
3614
1841
29766
5763
8336
8331
55031
4174
7414
4641
79073
5612
9897
3028
84298
66036
84890
23314
84532
327
8329
10908
3550
92815
3024
23170
5822
9330
4175
7515
10607
8358
10007
3218
221035
10628
23786
1029
8085
8968
7168
8773
442578
5831
10813
25782
7371
23350
2810
10293
9930
2037
23636
3842
4343
23173
122809
50937
5451
26147
7342
7163
1031
648
373
51278
7251
7072
84236
3396
10618
56605
55914
3148
1054
283464
126382
80790
415116
2733
283554
9644
25897
142891
84085
55342
56262
3205
10490
54014
147463
9792
60412
5599
55643
64895
131566
5868
6815
7533
5292
51474
83743
7073
10681
6780
84823
9252
23067
3400
23204
84922
51571
116068
9867
9516
51111
55754
253714
55737
152185
221178
29761
3930
4649
1894
84706
253143
3223
116113
387263
147991
388650
64795
51421
10123
51277
65987
8894
63939
2872
57678
3977
58489
54891
168850
367
898
5744
85440
10783
71
84629
144097
60
83443
23239
5478
2194
54676
3308
517
79670
4849
5694
79665
124245
2597
7390
8621
339344
79085
83903
2026
23231
1915
158511
8314
2287
659
8243
6125
81563
9918
3635
56478
27239
6323
6720
7289
22985
79719
197258
51684
55611
10054
55740
5018
154661
25758
8453
3910
23223
5780
91893
11011
23196
23368
25891
7074
80005
87
1660
142
84220
6309
1063
9804
10075
26508
10420
7165
2050
116138
65125
80169
54205
708
25917
23464
4659
9724
1719
64398
151827
3161
26135
26292
2746
3326
23435
55917
79915
64852
84285
6777
835
51434
9130
22879
83871
4037
7204
26286
127262
23306
57169
113829
92154
1973
55898
29890
84188
23244
23513
7407
113419
8803
339123
8031
219771
8407
121227
8518
23637
2039
7916
10992
7458
5872
57679
11047
1762
80331
374666
9742
85379
28952
158
5719
22907
22919
10489
987
3654
23385
471
4795
873
56288
29
85450
10531
1936
6836
55095
476
131616
23119
57508
4514
150223
25871
55275
9529
3558
55665
5116
51314
6940
121536
5310
51637
9555
2197
51651
3320
3712
1656
4191
6535
79443
27089
57799
6209
339175
22794
192670
6204
1938
149076
6229
8683
10640
64434
55603
56970
56674
6899
8760
25829
10963
1856
83607
5297
285636
51596
200081
84182
26190
126321
7465
9609
11222
1213
1108
35
29767
5351
7019
4541
694
51747
60485
22937
23466
178
10155
11258
2055
55798
5394
64319
2783
3107
8501
10313
819
83714
7184
23404
25771
8312
5705
100113407
2314
11034
26589
337867
5428
3005
55683
11124
2005
6175
65979
79654
6633
57459
2193
6923
29978
2959
4841
79000
8812
84993
5890
1665
9991
23274
3843
28973
56893
8242
3059
23478
27030
81539
27246
6941
170384
5714
3097
9767
55268
374354
80207
5580
64236
8566
9520
6497
23505
23193
7064
3837
51406
10328
9584
9604
23212
11079
7534
94239
54765
10211
64753
29889
6418
84080
3480
221927
10284
23195
4904
285761
57505
5052
58508
27327
522
64771
3150
23089
85359
9465
201626
3054
65056
3099
2794
25970
102
80232
204851
100
80000
4651
3340
162
5494
84162
79161
64951
63933
54962
9567
10749
4528
11057
4074
9043
51728
3188
54471
587
10487
84335
8533
6208
84878
8445
57109
9583
23180
10188
271
55536
5361
51065
103
3207
6801
84232
7311
5036
6722
55159
2288
11198
56850
114803
91768
16
4723
84418
10525
1820
2752
5701
6319
203068
6924
50628
10847
55230
4756
9927
9611
64786
57410
92170
92609
6835
26001
148
5496
8877
905
22929
83667
23
4193
23468
10491
164
54865
27443
817
3609
10949
55750
25798
51079
23277
11091
54890
2317
84279
63922
51068
8935
10146
667
8878
100287932
23140
7520
2969
154810
171023
114049
55184
54496
10376
1822
90324
55794
90956
6015
9908
1982
60314
7769
2316
550
9730
311
3735
1503
47
598
11176
2799
246243
4644
6522
84068
1366
116150
51150
4924
3300
3703
10594
6228
5826
54542
26258
840
1718
23181
117177
23413
55222
9986
4670
79171
4122
79142
23264
672
3014
79813
64682
9883
9727
80727
552889
81558
51586
396
55664
2618
84518
4087
8471
55954
5939
11282
54778
8943
11214
3190
58478
9898
1606
51322
10443
10943
64834
4141
11190
9217
5834
10421
64943
3678
64837
27229
3925
9231
3613
6144
7011
133522
26022
6734
54790
3178
51228
84164
29979
26155
6793
4854
5226
3183
7351
211
5525
28964
8289
55178
6158
221785
4548
3608
10051
55702
6257
84726
8065
57673
439
23476
4833
9221
5255
8208
56997
23250
80789
8888
642
7150
4779
23076
5631
116496
54438
337876
29893
5045
3455
9382
64599
9377
25805
1949
6483
25
7009
83444
124540
2683
9422
6573
124801
22827
351
55527
9144
9973
1351
340348
4034
3030
4001
4862
23191
976
79039
9456
26090
7094
93650
55684
91748
83636
4750
7205
353
6203
6048
57523
1831
1774
10147
1954
11344
60528
55700
163087
23646
23609
6297
139285
440574
79035
26035
80097
23384
64225
65110
8661
9993
65264
116931
171568
51430
126282
84516
6650
3227
164832
6652
116985
55154
10564
4952
8078
79038
83999
145482
23102
1509
56987
80273
151963
84260
3295
5223
10745
201292
23705
27440
84271
54475
5211
23053
26994
3913
143941
23640
91782
7110
201134
80817
8443
1746
80217
6187
55006
84450
953
84775
5917
6421
22872
23381
8073
158399
51520
54849
55627
107
64116
8503
9861
6837
23015
7167
9651
3304
130074
1968
169200
9148
2937
818
11142
55823
148206
5704
80347
124454
222256
80007
55871
6173
23336
23463
9919
9329
93611
5092
55635
8795
6760
23670
390205
10121
338692
171177
1948
144404
369
3329
55974
57507
6130
92912
9681
29107
8021
93643
57198
27005
81488
5708
546
2521
64841
10730
6950
7086
7024
51645
80023
8731
2926
8675
2177
6232
6452
222658
6748
11216
2045
1032
3187
23233
414
1690
29982
5905
51366
1974
152519
54998
389541
79659
5298
4204
8525
5720
55929
6850
3983
5707
2648
23654
136319
10102
5566
255189
51660
25894
322
5306
3376
10536
1350
25921
4677
10521
57659
291
5783
9775
467
3159
653583
5713
4839
79671
57026
56926
8209
94005
506
6206
84334
6625
7317
11122
6159
65108
283373
4140
10131
55626
27341
10644
90850
2324
6721
6710
5307
666
91574
79647
4134
54984
23199
2020
4335
57335
54915
57190
148137
3566
7862
23361
79004
10732
23406
84858
54820
26574
3033
133418
3551
23523
9909
54941
29115
57602
9491
52
6993
151903
3636
2547
11102
2870
5524
4150
3838
55252
26523
115509
5160
54832
9967
10061
4144
10238
79001
23362
92714
155061
85315
83549
221037
25792
10250
7185
1933
84833
229
10906
254065
57786
83884
57614
8187
3398
25888
54602
8904
54206
6434
131474
2023
80762
64778
10608
3017
1727
5096
136259
80746
57555
6945
6647
25957
9749
339201
5371
894
5757
1891
56910
1855
5684
51253
2296
200765
1479
80020
23633
63027
9943
705
388552
6201
4291
6812
6814
55007
79874
10921
22897
9782
112939
5170
5501
345222
132946
126767
10922
1315
140901
9758
27147
112937
821
54882
4358
1729
23392
9887
23382
54958
3945
4254
9440
10985
114823
57685
26528
7798
23293
81
5089
127933
55592
81029
79682
26985
23214
56927
8295
339231
55041
284361
328
64921
6210
51035
808
148304
2889
333932
285704
23095
59345
6143
3006
55125
57521
1508
1847
292
3192
9877
399979
23158
94104
5601
80742
8897
84321
84458
3181
8193
26287
2009
23126
10771
55353
5865
57482
63917
7596
540
91289
55266
3185
896
83857
8898
55718
2132
6167
55388
9859
10657
23272
155435
51433
6627
11164
5595
55174
55037
8560
728294
56616
10670
51604
5911
57479
4214
6651
2907
989
6645
2271
123355
5108
6222
55165
197320
8454
27332
5198
253725
4831
25777
10252
23582
23746
6202
81614
